x = [1, 1, 2, 3.4, -0.1, 3, 1.6] = [1.0, 1.0, 2.0, 3.4, -0.1, 3.0, 1.6]
p = softmax(x) = [0.03954835119766549, 0.03954835119766549, 0.10750356440613063, 0.4359484508154252, 0.01316450252163916, 0.2922249856197615, 0.0720617942417128]
gumbelsoftmax(x) = [0.0005812464739624836, 0.00598016940289728, 0.0027629553819538627, 0.006363970696669989, 0.00462593759686689, 0.5994416159233154, 0.38024410452433394]
