x = [1, 1, 2, 3.4, -0.1, 3, 1.6] = [1.0, 1.0, 2.0, 3.4, -0.1, 3.0, 1.6]
p = softmax(x) = [0.03954835119766549, 0.03954835119766549, 0.10750356440613063, 0.4359484508154252, 0.01316450252163916, 0.2922249856197615, 0.0720617942417128]
gumbelsoftmax(x) = [0.01808972140378366, 0.013480187162885428, 0.04794769070235585, 0.29127574072467827, 0.003998407000467868, 0.09837004986591469, 0.5268382031399144]
